CATCHMENT,NETWORK,SEASON,MMWR-YEAR,MMWR-WEEK,AGE CATEGORY,CUMULATIVE RATE,WEEKLY RATE 
Connecticut,EIP,2010-11,2010,40,50-64 yr,0,0
Connecticut,EIP,2010-11,2010,41,50-64 yr,0,0
Connecticut,EIP,2010-11,2010,42,50-64 yr,0,0
Connecticut,EIP,2010-11,2010,43,50-64 yr,0,0
Connecticut,EIP,2010-11,2010,44,50-64 yr,0,0
Connecticut,EIP,2010-11,2010,45,50-64 yr,0,0
Connecticut,EIP,2010-11,2010,46,50-64 yr,0.8,0.8
Connecticut,EIP,2010-11,2010,47,50-64 yr,1.3,0.5
Connecticut,EIP,2010-11,2010,48,50-64 yr,1.3,0
Connecticut,EIP,2010-11,2010,49,50-64 yr,2,0.8
Connecticut,EIP,2010-11,2010,50,50-64 yr,2.6,0.5
Connecticut,EIP,2010-11,2010,51,50-64 yr,3.1,0.5
Connecticut,EIP,2010-11,2010,52,50-64 yr,3.6,0.5
Connecticut,EIP,2010-11,2011,1,50-64 yr,5.9,2.3
Connecticut,EIP,2010-11,2011,2,50-64 yr,6.6,0.8
Connecticut,EIP,2010-11,2011,3,50-64 yr,7.7,1
Connecticut,EIP,2010-11,2011,4,50-64 yr,8.4,0.8
Connecticut,EIP,2010-11,2011,5,50-64 yr,10.2,1.8
Connecticut,EIP,2010-11,2011,6,50-64 yr,11.5,1.3
Connecticut,EIP,2010-11,2011,7,50-64 yr,13.8,2.3
Connecticut,EIP,2010-11,2011,8,50-64 yr,16.6,2.8
Connecticut,EIP,2010-11,2011,9,50-64 yr,20.4,3.8
Connecticut,EIP,2010-11,2011,10,50-64 yr,22.2,1.8
Connecticut,EIP,2010-11,2011,11,50-64 yr,24.2,2
Connecticut,EIP,2010-11,2011,12,50-64 yr,25.2,1
Connecticut,EIP,2010-11,2011,13,50-64 yr,26.3,1
Connecticut,EIP,2010-11,2011,14,50-64 yr,27.3,1
Connecticut,EIP,2010-11,2011,15,50-64 yr,27.8,0.5
Connecticut,EIP,2010-11,2011,16,50-64 yr,27.8,0
Connecticut,EIP,2010-11,2011,17,50-64 yr,27.8,0
Connecticut,EIP,2011-12,2011,40,50-64 yr,0.5,0.5
Connecticut,EIP,2011-12,2011,41,50-64 yr,0.5,0
Connecticut,EIP,2011-12,2011,42,50-64 yr,0.5,0
Connecticut,EIP,2011-12,2011,43,50-64 yr,0.5,0
Connecticut,EIP,2011-12,2011,44,50-64 yr,0.5,0
Connecticut,EIP,2011-12,2011,45,50-64 yr,0.5,0
Connecticut,EIP,2011-12,2011,46,50-64 yr,0.5,0
Connecticut,EIP,2011-12,2011,47,50-64 yr,0.5,0
Connecticut,EIP,2011-12,2011,48,50-64 yr,0.5,0
Connecticut,EIP,2011-12,2011,49,50-64 yr,0.5,0
Connecticut,EIP,2011-12,2011,50,50-64 yr,0.5,0
Connecticut,EIP,2011-12,2011,51,50-64 yr,0.5,0
Connecticut,EIP,2011-12,2011,52,50-64 yr,0.5,0
Connecticut,EIP,2011-12,2012,1,50-64 yr,0.7,0.2
Connecticut,EIP,2011-12,2012,2,50-64 yr,0.7,0
Connecticut,EIP,2011-12,2012,3,50-64 yr,0.7,0
Connecticut,EIP,2011-12,2012,4,50-64 yr,0.7,0
Connecticut,EIP,2011-12,2012,5,50-64 yr,0.7,0
Connecticut,EIP,2011-12,2012,6,50-64 yr,0.7,0
Connecticut,EIP,2011-12,2012,7,50-64 yr,1,0.2
Connecticut,EIP,2011-12,2012,8,50-64 yr,1,0
Connecticut,EIP,2011-12,2012,9,50-64 yr,1,0
Connecticut,EIP,2011-12,2012,10,50-64 yr,1.5,0.5
Connecticut,EIP,2011-12,2012,11,50-64 yr,2.5,1
Connecticut,EIP,2011-12,2012,12,50-64 yr,3.2,0.7
Connecticut,EIP,2011-12,2012,13,50-64 yr,4.2,1
Connecticut,EIP,2011-12,2012,14,50-64 yr,6,1.7
Connecticut,EIP,2011-12,2012,15,50-64 yr,8,2
Connecticut,EIP,2011-12,2012,16,50-64 yr,9.2,1.2
Connecticut,EIP,2011-12,2012,17,50-64 yr,9.5,0.2
Connecticut,EIP,2012-13,2012,40,50-64 yr,0,0
Connecticut,EIP,2012-13,2012,41,50-64 yr,0,0
Connecticut,EIP,2012-13,2012,42,50-64 yr,0,0
Connecticut,EIP,2012-13,2012,43,50-64 yr,0,0
Connecticut,EIP,2012-13,2012,44,50-64 yr,0,0
Connecticut,EIP,2012-13,2012,45,50-64 yr,0,0
Connecticut,EIP,2012-13,2012,46,50-64 yr,0.5,0.5
Connecticut,EIP,2012-13,2012,47,50-64 yr,0.5,0
Connecticut,EIP,2012-13,2012,48,50-64 yr,0.9,0.5
Connecticut,EIP,2012-13,2012,49,50-64 yr,3.2,2.3
Connecticut,EIP,2012-13,2012,50,50-64 yr,5.1,1.8
Connecticut,EIP,2012-13,2012,51,50-64 yr,10.6,5.5
Connecticut,EIP,2012-13,2012,52,50-64 yr,20.8,10.2
Connecticut,EIP,2012-13,2013,1,50-64 yr,36.5,15.7
Connecticut,EIP,2012-13,2013,2,50-64 yr,41.6,5.1
Connecticut,EIP,2012-13,2013,3,50-64 yr,47.6,6
Connecticut,EIP,2012-13,2013,4,50-64 yr,52.3,4.6
Connecticut,EIP,2012-13,2013,5,50-64 yr,55,2.8
Connecticut,EIP,2012-13,2013,6,50-64 yr,56,0.9
Connecticut,EIP,2012-13,2013,7,50-64 yr,56.9,0.9
Connecticut,EIP,2012-13,2013,8,50-64 yr,57.8,0.9
Connecticut,EIP,2012-13,2013,9,50-64 yr,59.7,1.8
Connecticut,EIP,2012-13,2013,10,50-64 yr,60.1,0.5
Connecticut,EIP,2012-13,2013,11,50-64 yr,61,0.9
Connecticut,EIP,2012-13,2013,12,50-64 yr,62,0.9
Connecticut,EIP,2012-13,2013,13,50-64 yr,62.9,0.9
Connecticut,EIP,2012-13,2013,14,50-64 yr,67.1,4.2
Connecticut,EIP,2012-13,2013,15,50-64 yr,68.9,1.8
Connecticut,EIP,2012-13,2013,16,50-64 yr,69.8,0.9
Connecticut,EIP,2012-13,2013,17,50-64 yr,71.2,1.4
Connecticut,EIP,2013-14,2013,40,50-64 yr,0,0
Connecticut,EIP,2013-14,2013,41,50-64 yr,0,0
Connecticut,EIP,2013-14,2013,42,50-64 yr,0,0
Connecticut,EIP,2013-14,2013,43,50-64 yr,0.5,0.5
Connecticut,EIP,2013-14,2013,44,50-64 yr,0.9,0.5
Connecticut,EIP,2013-14,2013,45,50-64 yr,0.9,0
Connecticut,EIP,2013-14,2013,46,50-64 yr,0.9,0
Connecticut,EIP,2013-14,2013,47,50-64 yr,0.9,0
Connecticut,EIP,2013-14,2013,48,50-64 yr,0.9,0
Connecticut,EIP,2013-14,2013,49,50-64 yr,1.8,0.9
Connecticut,EIP,2013-14,2013,50,50-64 yr,2.3,0.5
Connecticut,EIP,2013-14,2013,51,50-64 yr,3.7,1.4
Connecticut,EIP,2013-14,2013,52,50-64 yr,3.7,0
Connecticut,EIP,2013-14,2014,1,50-64 yr,7.8,4.1
Connecticut,EIP,2013-14,2014,2,50-64 yr,15.1,7.3
Connecticut,EIP,2013-14,2014,3,50-64 yr,23.8,8.7
Connecticut,EIP,2013-14,2014,4,50-64 yr,32.5,8.7
Connecticut,EIP,2013-14,2014,5,50-64 yr,39.9,7.3
Connecticut,EIP,2013-14,2014,6,50-64 yr,50.4,10.5
Connecticut,EIP,2013-14,2014,7,50-64 yr,61,10.5
Connecticut,EIP,2013-14,2014,8,50-64 yr,67.4,6.4
Connecticut,EIP,2013-14,2014,9,50-64 yr,72.9,5.5
Connecticut,EIP,2013-14,2014,10,50-64 yr,76.1,3.2
Connecticut,EIP,2013-14,2014,11,50-64 yr,81.1,5
Connecticut,EIP,2013-14,2014,12,50-64 yr,85.2,4.1
Connecticut,EIP,2013-14,2014,13,50-64 yr,91.7,6.4
Connecticut,EIP,2013-14,2014,14,50-64 yr,99.5,7.8
Connecticut,EIP,2013-14,2014,15,50-64 yr,108.6,9.2
Connecticut,EIP,2013-14,2014,16,50-64 yr,114.1,5.5
Connecticut,EIP,2013-14,2014,17,50-64 yr,122.4,8.2
Connecticut,EIP,2014-15,2014,40,50-64 yr,0,0
Connecticut,EIP,2014-15,2014,41,50-64 yr,1.4,1.4
Connecticut,EIP,2014-15,2014,42,50-64 yr,1.4,0
Connecticut,EIP,2014-15,2014,43,50-64 yr,1.8,0.5
Connecticut,EIP,2014-15,2014,44,50-64 yr,2.7,0.9
Connecticut,EIP,2014-15,2014,45,50-64 yr,2.7,0
Connecticut,EIP,2014-15,2014,46,50-64 yr,2.7,0
Connecticut,EIP,2014-15,2014,47,50-64 yr,3.6,0.9
Connecticut,EIP,2014-15,2014,48,50-64 yr,3.6,0
Connecticut,EIP,2014-15,2014,49,50-64 yr,3.6,0
Connecticut,EIP,2014-15,2014,50,50-64 yr,6.8,3.2
Connecticut,EIP,2014-15,2014,51,50-64 yr,9.1,2.3
Connecticut,EIP,2014-15,2014,52,50-64 yr,14.5,5.5
Connecticut,EIP,2014-15,2014,53,50-64 yr,16.8,2.3
Connecticut,EIP,2014-15,2015,1,50-64 yr,22.3,5.5
Connecticut,EIP,2014-15,2015,2,50-64 yr,25.5,3.2
Connecticut,EIP,2014-15,2015,3,50-64 yr,29.1,3.6
Connecticut,EIP,2014-15,2015,4,50-64 yr,33.2,4.1
Connecticut,EIP,2014-15,2015,5,50-64 yr,37.7,4.5
Connecticut,EIP,2014-15,2015,6,50-64 yr,42.3,4.5
Connecticut,EIP,2014-15,2015,7,50-64 yr,48.2,5.9
Connecticut,EIP,2014-15,2015,8,50-64 yr,51.4,3.2
Connecticut,EIP,2014-15,2015,9,50-64 yr,56.4,5
Connecticut,EIP,2014-15,2015,10,50-64 yr,60,3.6
Connecticut,EIP,2014-15,2015,11,50-64 yr,62.7,2.7
Connecticut,EIP,2014-15,2015,12,50-64 yr,66.8,4.1
Connecticut,EIP,2014-15,2015,13,50-64 yr,70.9,4.1
Connecticut,EIP,2014-15,2015,14,50-64 yr,73.2,2.3
Connecticut,EIP,2014-15,2015,15,50-64 yr,77.3,4.1
Connecticut,EIP,2014-15,2015,16,50-64 yr,77.8,0.5
Connecticut,EIP,2014-15,2015,17,50-64 yr,78.7,0.9
Connecticut,EIP,2015-16,2015,40,50-64 yr,0,0
Connecticut,EIP,2015-16,2015,41,50-64 yr,0,0
Connecticut,EIP,2015-16,2015,42,50-64 yr,0,0
Connecticut,EIP,2015-16,2015,43,50-64 yr,0,0
Connecticut,EIP,2015-16,2015,44,50-64 yr,0,0
Connecticut,EIP,2015-16,2015,45,50-64 yr,0,0
Connecticut,EIP,2015-16,2015,46,50-64 yr,0,0
Connecticut,EIP,2015-16,2015,47,50-64 yr,0.5,0.5
Connecticut,EIP,2015-16,2015,48,50-64 yr,0.5,0
Connecticut,EIP,2015-16,2015,49,50-64 yr,0.9,0.5
Connecticut,EIP,2015-16,2015,50,50-64 yr,0.9,0
Connecticut,EIP,2015-16,2015,51,50-64 yr,1.8,0.9
Connecticut,EIP,2015-16,2015,52,50-64 yr,2.7,0.9
Connecticut,EIP,2015-16,2016,1,50-64 yr,2.7,0
Connecticut,EIP,2015-16,2016,2,50-64 yr,3.2,0.5
Connecticut,EIP,2015-16,2016,3,50-64 yr,3.6,0.5
Connecticut,EIP,2015-16,2016,4,50-64 yr,5.4,1.8
Connecticut,EIP,2015-16,2016,5,50-64 yr,7.2,1.8
Connecticut,EIP,2015-16,2016,6,50-64 yr,10.9,3.6
Connecticut,EIP,2015-16,2016,7,50-64 yr,12.7,1.8
Connecticut,EIP,2015-16,2016,8,50-64 yr,20.4,7.7
Connecticut,EIP,2015-16,2016,9,50-64 yr,30.8,10.4
Connecticut,EIP,2015-16,2016,10,50-64 yr,48.4,17.6
Connecticut,EIP,2015-16,2016,11,50-64 yr,57.4,9
Connecticut,EIP,2015-16,2016,12,50-64 yr,69.2,11.8
Connecticut,EIP,2015-16,2016,13,50-64 yr,74.6,5.4
Connecticut,EIP,2015-16,2016,14,50-64 yr,80.1,5.4
Connecticut,EIP,2015-16,2016,15,50-64 yr,86.9,6.8
Connecticut,EIP,2015-16,2016,16,50-64 yr,90.9,4.1
Connecticut,EIP,2015-16,2016,17,50-64 yr,91.4,0.5
Connecticut,EIP,2016-17,2016,40,50-64 yr,0.9,0.9
Connecticut,EIP,2016-17,2016,41,50-64 yr,0.9,0
Connecticut,EIP,2016-17,2016,42,50-64 yr,0.9,0
Connecticut,EIP,2016-17,2016,43,50-64 yr,1.4,0.5
Connecticut,EIP,2016-17,2016,44,50-64 yr,1.4,0
Connecticut,EIP,2016-17,2016,45,50-64 yr,2.3,0.9
Connecticut,EIP,2016-17,2016,46,50-64 yr,2.7,0.5
Connecticut,EIP,2016-17,2016,47,50-64 yr,2.7,0
Connecticut,EIP,2016-17,2016,48,50-64 yr,2.7,0
Connecticut,EIP,2016-17,2016,49,50-64 yr,4.1,1.4
Connecticut,EIP,2016-17,2016,50,50-64 yr,4.5,0.5
Connecticut,EIP,2016-17,2016,51,50-64 yr,6.3,1.8
Connecticut,EIP,2016-17,2016,52,50-64 yr,9,2.7
Connecticut,EIP,2016-17,2017,1,50-64 yr,12.2,3.2
Connecticut,EIP,2016-17,2017,2,50-64 yr,18.1,5.9
Connecticut,EIP,2016-17,2017,3,50-64 yr,26.6,8.6
Connecticut,EIP,2016-17,2017,4,50-64 yr,36.6,9.9
Connecticut,EIP,2016-17,2017,5,50-64 yr,42,5.4
Connecticut,EIP,2016-17,2017,6,50-64 yr,50.1,8.1
Connecticut,EIP,2016-17,2017,7,50-64 yr,60.5,10.4
Connecticut,EIP,2016-17,2017,8,50-64 yr,72.7,12.2
Connecticut,EIP,2016-17,2017,9,50-64 yr,75.9,3.2
Connecticut,EIP,2016-17,2017,10,50-64 yr,79.5,3.6
Connecticut,EIP,2016-17,2017,11,50-64 yr,85.8,6.3
Connecticut,EIP,2016-17,2017,12,50-64 yr,89.4,3.6
Connecticut,EIP,2016-17,2017,13,50-64 yr,92.1,2.7
Connecticut,EIP,2016-17,2017,14,50-64 yr,97.1,5
Connecticut,EIP,2016-17,2017,15,50-64 yr,101.6,4.5
Connecticut,EIP,2016-17,2017,16,50-64 yr,105.7,4.1
Connecticut,EIP,2016-17,2017,17,50-64 yr,107,1.4
Connecticut,EIP,2017-18,2017,40,50-64 yr,0,0
Connecticut,EIP,2017-18,2017,41,50-64 yr,0,0
Connecticut,EIP,2017-18,2017,42,50-64 yr,0,0
Connecticut,EIP,2017-18,2017,43,50-64 yr,0,0
Connecticut,EIP,2017-18,2017,44,50-64 yr,0,0
Connecticut,EIP,2017-18,2017,45,50-64 yr,0,0
Connecticut,EIP,2017-18,2017,46,50-64 yr,0,0
Connecticut,EIP,2017-18,2017,47,50-64 yr,0.5,0.5
Connecticut,EIP,2017-18,2017,48,50-64 yr,0.5,0
Connecticut,EIP,2017-18,2017,49,50-64 yr,0.5,0
Connecticut,EIP,2017-18,2017,50,50-64 yr,3.2,2.7
Connecticut,EIP,2017-18,2017,51,50-64 yr,5.9,2.7
Connecticut,EIP,2017-18,2017,52,50-64 yr,9.5,3.6
Connecticut,EIP,2017-18,2018,1,50-64 yr,15.4,5.9
Connecticut,EIP,2017-18,2018,2,50-64 yr,24.9,9.5
Connecticut,EIP,2017-18,2018,3,50-64 yr,35.8,10.9
Connecticut,EIP,2017-18,2018,4,50-64 yr,49.4,13.6
Connecticut,EIP,2017-18,2018,5,50-64 yr,65.2,15.9
Connecticut,EIP,2017-18,2018,6,50-64 yr,79.7,14.5
Connecticut,EIP,2017-18,2018,7,50-64 yr,92.9,13.1
Connecticut,EIP,2017-18,2018,8,50-64 yr,100.1,7.2
Connecticut,EIP,2017-18,2018,9,50-64 yr,107.8,7.7
Connecticut,EIP,2017-18,2018,10,50-64 yr,114.6,6.8
Connecticut,EIP,2017-18,2018,11,50-64 yr,116.9,2.3
Connecticut,EIP,2017-18,2018,12,50-64 yr,120.5,3.6
Connecticut,EIP,2017-18,2018,13,50-64 yr,123.2,2.7
Connecticut,EIP,2017-18,2018,14,50-64 yr,128.2,5
Connecticut,EIP,2017-18,2018,15,50-64 yr,130,1.8
Connecticut,EIP,2017-18,2018,16,50-64 yr,131.4,1.4
Connecticut,EIP,2017-18,2018,17,50-64 yr,133.6,2.3
